ber =
    0.0708
    0.0711


sym_err_dem =

       61518
       61705