ber =

         0
    0.0150


sym_err_dem =

           0
       16452